-250.138953 -268.777792 -190.777720
-241.559593 -290.421928 -332.173154
-287.700823 -271.302561 -340.020916
-276.892539 -223.327542 -330.227875
-180.220059 -246.953148 -235.322045
-225.695844 -253.318486 -306.207222
-247.393498 -214.061592 -301.812306
-233.572397 -220.173386 -169.061374
-246.447306 -261.256246 -213.338202
-247.001438 -279.812447 -311.307325
-272.310029 -252.437737 -263.371957
-253.789597 -239.914852 -323.968417
-217.770408 -234.732103 -197.607362
-222.110259 -238.909123 -309.998261
-229.198621 -225.437613 -259.934994
-220.287466 -214.399851 -210.106563
-189.395879 -212.207002 -296.459204
-206.180378 -209.246981 -305.537069
-204.782390 -198.325268 -243.001830
-202.875649 -203.675453 -184.848761
-185.225662 -189.025018 -137.330375
-177.991302 -193.201427 -211.315052
-190.525710 -197.808931 -220.309001
-192.230570 -167.392428 -186.398685
-118.665423 -174.281385 -284.581334
-155.953397 -176.388217 -289.801771
-167.702908 -148.957191 -187.141617
-173.589769 -167.921593 -95.289059
-139.592646 -154.052171 -34.386842
-122.707116 -167.195458 -174.642924
-166.364056 -135.324752 -184.018364
-160.818596 -65.714329 -155.823644
-7.422146 -146.655936 -246.237997
-100.318998 -159.905820 -325.761215
-159.866340 -102.238313 -183.943720
-147.797498 -120.429381 24.447895
29.270340 -139.313390 -241.217308
-104.646708 -131.203805 -152.872296
-145.962487 -46.738486 -164.765037
-106.737859 -63.515385 65.441217
6.380393 -128.081250 -248.060020
-126.741915 -87.064119 -184.219494
-129.435927 11.044885 -250.713678
-75.773464 -68.160882 104.411709
102.880910 -37.653594 -164.079882
-62.987690 91.777904 -134.620121
2.563214 64.078199 185.828365
165.849874 29.594180 -174.379340
97.603295 -66.659983 -61.270685
-69.512307 93.427517 -191.967558
10.920246 75.435566 204.099026
149.780745 -19.305202 -62.263260
242.390145 151.011402 3.043664
234.211408 120.142051 -183.855979
202.971261 220.317053 12.001861
154.116677 183.108925 214.784195
-225.413761 -221.106164 -167.081487
-216.262903 -243.566250 -249.418521
-248.131046 -205.170552 -305.577033
-225.655913 -191.094681 -315.369254
-189.325418 -192.135573 -109.006079
-192.979863 -202.548751 -217.003645
-210.998105 -190.445928 -296.665340
-187.770152 -168.564919 -325.648418
-154.079540 -168.166778 -11.179533
-133.556921 -170.435816 -178.087303
-170.078599 -166.739862 -299.002427
-171.701211 -99.399863 -277.884109
-204.055077 -241.502748 -317.091766
-240.748300 -231.661021 -260.808448
-230.973959 -201.782473 -327.002078
-224.264532 -231.952043 -144.703918
-232.053609 -214.283526 -326.194567
-221.355453 -199.470483 -241.265029
-213.134037 -171.137797 -307.181027
-200.497233 -218.183325 -125.009753
-164.708257 -192.186481 -310.436853
-191.485972 -183.554637 -222.984920
-186.046697 -154.084627 -321.890352
-176.195328 -184.561887 -97.064920
-144.300056 -161.488344 -280.841650
-163.345267 -157.410887 -200.547562
-171.833537 -128.386727 -282.635195
-150.668282 -158.093180 -75.906783
-106.997280 -133.266507 27.142153
-126.730950 -125.292456 -163.866185
-138.708381 -93.635835 -287.811547
-125.693295 -10.706159 -300.041143
-91.244971 -88.504623 32.129672
-40.771164 -98.531702 -234.546603
-86.782852 -98.669470 -140.427201
-101.350674 -45.914151 -221.317181
53.249569 -55.562085 -127.494165
-65.745481 -34.107552 -270.129461
-50.253648 89.236700 -88.060585
-37.863723 -5.478190 147.688757
